110
104
187
179
134
119
166
131
155
122
109
173
161
171
123
137
167
158
185
107
123
122
165
161
132
168
129
134
165
112
140
197
199
178
159
134
184
122
154
154
134
104
101
143
113
108
147
127
187
137
153
104
114
110
150
188
179
109
193
178
181
178
161
188
118
148
161
115
125
145
126
199
141
122
119
128
126
174
104
183
170
142
100
162
157
180
170
187
118
186
183
108
143
185
162
186
156
108
163
167
169
179
119
163
120
137
158
186
116
120
182
150
193
101
109
167
193
193
183
103
168
165
102
185
187
146
181
166
116
148
132
109
189
173
177
108
102
144
167
146
178
184
157
177
149
107
125
183
192
101
112
195
185
111
186
172
183
102
182
100
129
144
188
151
199
152
197
195
150
140
164
199
157
194
114
157
175
108
144
174
197
157
177
161
107
129
178
132
141
113
198
152
154
109
153
125
139
161
117
165
152
177
